Name
131096
131097
131102
131105
131106
131108
131110
131118
131120
131124
131142
131146
131167
131175
131179
131182
131198
131206
131212
131218
131219
131226
131227
131233
131241
131272
131283
131286
131287
131294
131298
131304
131309
131314
131322
131328
131332
131333
131345
131349
131351
131374
131377
140561
140566
140568
140570
140574
140579
140580
140586
140587
140589
140593
140595
140598
140600
140602
140603
140613
140617
140618
155412
155416
155419
155431
155443
155447
155455
155460
155465
155485
155488
155489
155491
155493
155494
155501
155502
155510
155511
155523
155527
155536
155563
155565
155575
155591
155592
155594
155605
155609
155615
155616
155617
155618
155637
155639
155640
155641
155644
155648
155662
155663
155672
155673
155677
155683
155686
155689
155691
155694
155719
155725
155729
155741
155743
155753
155756
155770
155782
155784
155792
155794
155797
155799
155801
