mtrD
25
28
29
11
30
24
31
32
33
3
1
61
35
36
37
12
14
38
39
40
42
43
44
13
45
47
49
50
56
41
58
59
60
62
63
64
65
66
68
7
8
79
2
2037
87
148
332
2038
93
345
67
86
97
104
57
106
141
404
211
2039
400
2040
2310
137
1389
340
1059
2041
687
688
689
611
690
691
474
198
220
692
120
693
694
119
118
9
461
26
462
463
459
464
326
445
695
428
274
696
697
698
699
700
429
701
702
703
704
430
705
122
273
706
123
707
431
15
1004
134
225
228
169
432
708
709
710
711
435
712
713
433
714
715
54
19
444
443
88
133
2042
2043
78
1623
2044
2045
89
5044
348
230
188
288
115
5155
2046
132
2047
102
2048
2049
532
2050
1580
2051
55
2052
468
108
349
181
168
5
4367
5146
4511
4444
4493
4513
4512
460
716
717
573
718
719
720
124
2006
2009
902
82
229
81
6
721
231
4652
139
4738
4504
2259
3571
16
2053
95
77
18
98
165
172
166
722
232
2312
434
20
586
554
3724
105
233
127
234
150
189
4779
4759
27
100
184
238
407
239
684
839
1813
1814
1469
196
240
1228
241
197
242
103
128
243
244
245
246
247
248
249
250
199
251
200
252
253
254
201
202
203
204
255
76
256
205
257
258
259
260
261
262
263
130
206
264
121
265
266
207
208
267
268
269
270
209
271
272
275
210
276
277
278
279
280
281
282
283
284
285
286
287
112
289
290
291
292
293
1615
3665
149
294
117
295
116
129
126
113
131
1927
83
192
296
297
183
191
171
298
194
299
23
17
22
300
301
151
302
303
304
212
213
306
214
307
308
309
215
310
311
312
216
313
314
315
316
317
318
319
320
217
218
321
322
323
324
325
327
328
329
219
330
221
331
1456
136
2313
1007
70
71
72
69
73
74
142
143
144
145
146
147
152
153
154
155
156
157
333
334
335
336
337
338
339
341
342
343
344
346
347
350
96
351
352
1816
5033
353
354
1225
355
356
357
358
359
360
110
361
5045
80
2480
1229
362
363
364
1928
167
365
366
367
1008
1006
368
369
1009
21
370
371
372
373
374
375
376
377
378
379
380
383
384
385
386
387
388
389
390
391
392
393
394
395
396
397
398
399
401
402
403
405
406
408
409
410
411
412
413
414
415
416
417
418
419
420
2311
421
422
423
424
425
427
222
114
75
51
53
469
470
471
472
473
475
442
476
477
478
479
481
482
483
484
485
486
487
488
489
490
491
492
494
495
496
497
498
499
500
501
436
437
438
439
441
5157
502
466
465
138
503
504
505
506
507
446
448
447
111
3551
804
518
519
520
521
522
523
524
525
526
527
528
529
530
723
724
725
531
533
534
535
536
537
538
726
539
540
541
571
542
543
544
727
545
546
547
548
458
2922
467
549
550
551
552
553
555
685
556
557
4760
564
565
566
567
568
569
570
572
574
575
576
577
578
580
560
558
582
583
584
585
587
588
589
686
590
591
2256
592
563
598
599
600
601
602
603
5787
604
605
606
607
608
609
610
612
613
614
615
616
5774
617
618
619
620
622
640
454
455
457
623
624
625
626
627
628
629
630
631
1011
632
633
634
635
636
637
638
639
641
642
643
644
645
646
647
648
649
650
651
652
653
654
655
656
657
658
659
660
661
662
663
664
665
666
667
668
669
670
671
672
673
674
675
676
677
678
679
680
681
682
683
728
729
730
1820
731
732
733
734
735
10
736
737
739
740
741
742
744
745
746
747
480
493
748
579
749
750
751
621
757
758
775
776
777
305
778
779
780
781
782
783
784
785
786
787
788
789
790
791
792
793
794
795
796
797
840
798
799
800
801
802
803
805
806
807
808
809
810
811
812
813
85
90
91
92
101
107
508
46
820
1893
1894
1895
1896
1227
5046
1897
821
822
1846
823
824
825
826
827
829
1883
1859
831
832
833
834
835
4253
836
837
838
841
842
908
843
1012
844
451
3353
845
846
847
848
1511
849
850
1751
851
852
853
854
1916
855
856
857
858
1821
859
860
861
862
863
864
865
866
867
868
869
870
871
872
873
874
875
876
877
878
879
880
881
882
883
884
885
886
887
5035
888
889
890
891
892
893
894
895
896
897
898
899
900
1013
901
903
904
905
906
907
5788
1482
910
911
912
913
931
914
915
3514
5161
3666
3667
5795
5794
916
917
918
920
922
923
1000
924
925
926
927
928
929
1244
1245
1014
930
5047
937
938
939
940
766
941
942
440
943
944
945
1026
1249
921
1030
1032
1034
947
948
949
950
951
952
953
954
956
957
958
959
5160
960
961
964
967
968
969
970
971
972
973
936
974
978
981
983
984
986
988
989
990
991
993
965
975
977
976
595
963
962
994
1512
997
996
998
999
1001
1002
1003
1035
1036
1037
1038
1039
1040
979
980
985
987
992
982
1041
1042
1043
1044
1045
1046
1047
1048
1049
1050
1051
1052
1053
1054
1055
1056
1057
1058
995
1064
3354
1072
1073
1074
1075
1076
1077
3695
738
1078
1079
3536
1080
1752
1081
5162
1082
1083
5782
1084
1898
1250
1085
1088
1089
1091
1092
1093
1094
1095
1096
1251
1252
1110
1111
1134
1135
1136
5048
5049
5050
1137
5051
1138
1139
1140
1141
1142
1143
1144
1145
1146
1155
1156
1157
1158
1159
1160
5052
1161
1162
1163
1164
5053
1165
1166
5600
955
1167
1168
1169
1170
1171
1172
1173
1174
1175
1176
1177
1178
1179
1104
1180
1181
1108
1184
1187
1188
1416
1189
1190
1191
1253
1216
1254
1192
1255
1899
1900
1901
1902
1417
1906
1907
1908
1909
1910
1911
1912
1913
1914
1915
2258
2260
2166
2174
2261
1193
1194
1195
1198
1199
1202
1212
1332
1333
1334
1213
1335
1336
1209
1337
1338
1339
1219
1340
1221
1341
1220
1342
1232
1343
1226
1231
1345
1346
1208
1211
1210
1514
1214
1215
1207
178
1361
1517
1518
1366
1368
1369
1372
1373
1377
1378
1379
1370
1380
1381
1382
1383
1386
1519
1388
1400
1401
1402
1239
1403
1404
1406
1384
1407
1408
1413
1414
1415
1423
1424
1237
1204
1222
1223
1234
1235
1224
1241
1240
1243
1238
1242
224
1344
1230
1206
1205
1375
1395
1396
1398
1399
1397
1391
1275
1392
830
1390
1411
1410
1409
1412
1394
1393
1520
1740
1616
2164
2168
1428
1429
1430
1431
1432
1433
1435
1436
1437
1438
1439
1509
1440
1441
1442
1107
1443
1444
1445
1446
1447
1448
1105
1106
1449
1450
1451
1452
1453
1422
1421
1427
1122
1426
1420
1454
1455
581
1458
1459
1462
1465
1466
1467
1468
1470
1471
1472
1473
1475
1476
1477
1478
1481
2697
1917
1918
1919
1920
1921
1922
1923
2698
1525
1526
1531
1532
1535
99
1536
158
159
163
1924
161
160
1925
162
1926
1538
1539
1540
1541
1542
1543
1544
1484
1488
1491
1486
1489
1487
1492
1494
1490
1493
1495
1496
1503
1502
1504
1497
1498
1499
1500
1501
1506
1507
1505
1508
1510
1549
1551
1552
1553
1555
1556
1557
1558
1548
1560
1117
1561
125
1434
1562
1563
1564
1565
1566
1567
1568
1569
1570
1571
1572
1573
1574
1575
1576
1577
1578
1579
5234
3668
3669
3526
3670
5165
1581
1582
1583
1584
1585
1586
1587
1588
1589
1590
1591
1592
1593
1594
1595
1596
1597
1598
1599
1600
1601
1602
1603
1604
1605
1606
1607
1608
1609
1610
1611
1612
1614
1617
1753
223
226
227
173
235
186
177
381
182
179
236
170
135
193
175
237
176
1811
174
187
1619
1620
1621
1622
1624
1625
1626
1627
1628
1629
1630
1739
1631
1310
1634
1633
1635
1636
1638
1639
1640
1641
1642
1643
1644
1645
1646
1647
1648
1649
1650
1651
1652
1653
1654
1655
1656
1657
1658
1659
1660
1661
1405
1662
1663
1665
1666
1667
1668
1669
1670
1671
1672
1673
1674
1675
1741
1676
1677
1678
1679
1745
1742
1680
1746
1744
1681
1682
1683
1684
1685
1687
1688
5167
1689
1690
1691
1692
1747
1743
1750
1748
1749
1693
5772
1694
1695
1696
1697
1698
1699
1700
1701
1702
1703
1704
1705
1706
1707
1709
1710
1754
1711
1712
1714
1715
1716
1717
1719
1720
1721
1722
1723
1196
1200
1201
1233
1217
1203
1371
1374
1367
1483
1387
1385
1724
1725
1726
1727
5786
5783
1728
1729
1730
1731
1732
1733
1734
1735
1810
1755
1756
1757
1758
1759
1760
1761
1762
1736
1765
1766
1768
1770
1772
1776
1777
1779
1780
1782
1787
1788
1790
1794
1795
1799
5287
1801
1802
1803
1804
1805
1806
1807
1808
1809
3521
3671
2418
1828
1829
1830
1858
2417
1835
1836
1837
1218
1197
1632
1637
1843
1485
1236
1686
1376
1708
1713
1718
4453
2855
1844
1861
1847
1848
1849
1850
1851
1852
1853
1854
1855
1856
1857
1939
1862
1863
1864
1866
1867
1868
1869
1870
1871
3696
1872
1873
1874
1875
1876
1877
1878
1879
1880
2000
2001
2423
1884
1885
1886
1887
1888
1889
1890
5241
3672
1891
1892
4789
1930
1521
1931
1932
1933
1943
1944
1945
1946
1947
1948
1950
5171
1951
1952
1953
1954
1956
1958
2131
1969
1970
1971
1972
1982
1996
1997
763
1995
1998
2004
2005
2007
2008
2010
2011
2012
2013
2014
2015
2016
2017
2018
2019
2020
2021
2022
2023
2024
2030
2031
2032
2034
2054
2055
2056
2057
2058
2059
2060
1618
2923
765
2061
2062
2063
2064
2065
2066
2067
2068
2069
94
2070
2071
2072
2073
2076
2077
2078
919
2082
2083
2079
1474
2084
2085
2086
2087
2088
2089
2090
1984
2091
2092
2093
2094
5779
2095
5174
2096
2097
2098
2099
2100
2117
1066
1067
1068
1069
1070
1071
1065
2118
2119
2120
5789
5178
3686
2123
2124
2126
2127
2128
2129
2130
2858
4294
2132
2133
2134
3687
2136
3697
1999
2137
2138
2003
2139
2140
2141
2142
2143
2144
5184
2145
2146
3688
2147
2149
2150
2153
2154
2155
2156
4474
2157
2159
4286
2160
3698
2163
4193
2165
2167
2169
2170
2171
2173
2175
2176
2177
1989
2178
2179
2180
2181
2182
2183
2184
2185
2186
2033
2104
2101
2102
2103
2105
2106
2107
2108
2074
2116
2115
2190
2191
2114
2112
2113
2111
5176
2125
2192
1307
2193
2194
2075
5183
2195
3500
3501
3450
2236
3460
3502
2196
2197
2198
2199
2200
2202
2203
2204
2205
2206
2207
2208
2209
2210
2211
2518
2212
2519
2213
2214
2215
2216
2217
2218
2219
2220
2514
3699
2221
2222
2223
2224
2228
2229
5330
2230
5781
2231
5173
2232
2233
2109
2110
2234
5136
2238
2239
2240
2241
2242
2243
2245
2246
5175
5177
5179
5180
2247
2248
2249
2122
2250
2251
2252
2253
2254
2255
2262
2263
2264
2265
2266
5805
2267
2268
5784
2269
2270
562
2271
2272
2273
1940
2274
2275
2276
2277
4183
2278
2279
2280
2281
2282
764
2283
2284
2285
2237
2700
3689
5181
3998
2701
3986
2859
2860
2861
5054
5055
5056
2862
2863
2864
2865
4302
2866
2867
2868
2869
2361
2429
2870
2871
4056
4057
4084
4159
2872
4160
2873
2874
2875
2456
2876
2877
4161
2878
2879
2880
4170
2881
2924
4090
4178
2472
2882
4176
2482
4177
4252
4254
4256
4257
2493
2492
4175
2495
4172
4174
2883
4096
4171
4173
1763
4168
4169
4104
2508
2884
2885
4167
759
5147
5148
5149
5036
4776
4364
3870
4365
2705
2706
3690
3691
5187
3692
5185
3693
5806
3694
5186
3701
3702
3703
3704
3705
5188
3706
2707
2708
2886
2363
2709
5791
2887
4181
4184
4180
2696
4179
2481
4182
2710
1993
2711
2712
4255
2713
817
4052
4116
4259
2692
4258
4260
2693
4261
4263
1282
4262
4264
2694
4265
2515
2691
2695
2716
2717
1882
2718
2719
1358
2720
84
2721
2722
2723
2724
1357
2725
2726
2727
2888
2728
2729
2573
2730
2690
2731
2732
2733
2734
2735
2611
2736
4650
2737
2291
5191
2738
2739
2743
2740
2741
2742
5192
2744
2745
2687
2889
772
2746
2747
2748
3503
3707
5193
2749
2796
2891
2319
2898
2899
1781
5200
2751
2901
2703
5231
5091
2902
2903
4108
1949
2913
2914
5201
2916
2917
2918
2925
5203
2926
2927
3092
3085
3093
5206
3153
5207
3398
3154
3252
3257
3272
3273
3407
3274
3275
5211
4009
3479
3276
3966
3359
3277
3278
3317
3318
5196
5208
2609
3336
3337
3338
5790
3339
3340
3341
3342
3343
2602
1962
5209
3344
2542
5766
3345
3346
3347
3348
1150
3349
3350
3351
5016
2655
3883
3799
2895
3352
3409
3410
3355
3356
3357
3358
3360
2398
2813
3361
3362
3411
4327
3363
3412
1546
3413
3414
3415
3416
5034
3335
3480
3432
3433
3434
1786
3436
2631
3437
3438
3474
3906
3908
3800
2543
3909
3907
3801
3802
3803
3804
3805
3440
3441
3364
3365
3366
2375
2401
3367
3442
3368
3369
3370
3371
3372
3373
3374
3375
3376
3377
3378
3379
3380
3381
3443
3382
3444
3383
3384
3385
2377
3445
3446
3386
3447
3387
2370
3448
3388
3449
4005
5666
3389
3390
3391
3392
3673
3674
3675
3676
3677
3678
3680
3679
3606
2448
3681
3682
3683
5217
5218
1060
1061
1062
1063
3482
3451
3452
3453
3454
3455
3456
3457
3458
3459
3461
2359
3462
3483
3463
3464
3465
3466
4609
2025
2026
2027
3467
2028
2029
1964
1968
3468
3469
3470
1965
3471
3472
4443
2286
2287
2317
2288
2289
2290
4772
2292
2293
756
2294
2295
2296
2297
2298
2299
2300
2301
2302
2303
2304
2305
2306
2307
2308
2309
5219
2320
2321
2322
2323
4281
4966
2328
2329
2334
2335
2324
2336
4731
5560
5561
4732
4733
4796
4593
3700
2341
4773
2337
5562
4734
4735
4736
5936
2345
2346
2347
2920
2921
2348
3708
5223
2354
2355
2356
2358
4457
2412
2360
2413
2414
2148
2362
2415
2416
2419
2420
5225
1833
1834
2421
2422
2424
2425
2426
2427
2428
2430
2431
2432
1812
2433
2434
2435
2436
1839
2437
2438
2439
2440
2441
2442
2162
2364
2365
2366
2367
2368
2369
2371
2372
2373
2374
2376
2378
2379
2380
2381
2382
2383
2384
2385
2386
2387
2388
2390
2391
2392
2393
2394
2395
2396
2399
2400
2402
2403
2404
3484
2405
2406
2407
2408
2409
4003
2443
2444
2445
2446
2447
5558
2527
2528
2529
2530
5552
2449
2450
2452
2451
2453
2455
2454
2460
2462
2461
2459
2457
2458
2463
2464
2465
2466
2467
2468
2469
2470
2473
2471
2475
2474
2477
2476
2479
2478
2485
2484
2483
2486
2488
2487
1981
2489
2490
2491
2494
2497
2496
2498
2499
2501
2500
2502
2503
2504
2505
2506
2507
2511
2510
2509
2512
2513
2516
2531
2517
2533
2534
2535
5233
2536
2537
1845
2539
2540
2541
2544
2340
2545
2546
4580
4614
2548
3519
2521
2520
2523
2524
2522
2526
2525
1533
1534
1545
1547
5238
2589
2590
2591
2588
2592
2593
2594
2595
2596
5242
2597
2598
2599
2600
2601
5802
2603
2604
2605
2606
2607
2608
2610
2612
2613
2614
5809
2615
2616
5775
2617
5635
2618
2619
2620
2621
2622
5300
5236
5239
4310
2623
5240
2624
2625
2626
2627
2628
2629
2630
2632
2633
2634
2635
2636
2637
1523
2638
2639
4292
2640
2641
2642
2643
2644
2645
2646
2750
2651
2653
2654
3709
5244
5245
2658
2659
2660
2661
2662
2664
2665
2666
2667
2668
2669
2670
2671
2672
2673
2674
2675
2676
5255
2677
2678
2679
2680
2681
2682
2683
2684
5077
2688
2689
2752
2753
5235
2754
2755
2756
4598
2757
2649
2650
2784
2785
2786
4330
2787
2788
5257
2789
2791
5804
5260
2792
2793
2794
2795
2799
2800
2801
2802
5163
2809
2810
5261
5799
2811
2812
3504
3505
2816
2817
2818
2819
2820
5303
2821
2822
2823
2824
2825
5197
2826
2827
2828
3506
2830
2831
2832
2833
3473
1967
1963
1966
3393
3394
4000
5304
3858
3485
3486
3684
3685
3488
3490
3492
3495
3497
3498
3499
3507
3508
3509
3510
3511
3512
3513
5777
3515
4787
3516
5221
3806
3517
3518
3520
3522
3523
3524
3525
3281
3527
4332
3528
3529
3530
3531
3532
3533
3534
3535
3537
3538
3539
3540
1976
3541
3542
3543
3544
3545
3546
3547
3548
3549
3550
4466
3552
5130
3553
3554
3555
3556
3557
3558
3559
3560
3561
3562
3710
3563
3564
3565
3566
3567
3568
3569
3570
3572
3573
3574
3575
3576
3577
3578
3579
3580
3582
3585
2257
3587
3588
3595
3596
3597
3598
3599
3600
3601
3602
3603
3604
3605
2081
4300
3607
3608
3609
3610
3611
3612
3613
3614
3615
3616
3617
3618
3408
3807
3711
3808
3712
3713
3714
3715
3718
3716
3717
3809
3619
3623
3624
3625
3626
3627
3628
3629
3630
3254
3631
3632
3633
3634
3635
3636
3637
3638
3639
3640
3430
3641
3642
3205
3643
3644
3645
3646
5262
3404
3647
5263
3648
3649
3650
3651
3652
3653
3654
3655
3656
3657
3658
3659
3660
3661
3662
3663
3723
3725
3726
3727
3771
3772
3773
3774
3775
3776
3777
3778
3810
3781
3782
3783
3784
1934
1935
1936
1938
5057
3790
3791
3620
3874
5563
3793
3794
2907
3795
3812
3813
3814
3816
3817
2187
3823
3830
3831
3832
3833
3838
3839
3840
3841
3842
3843
3844
3845
3846
4405
3847
3964
3848
3849
3875
3876
3877
4644
5718
3435
4756
4755
5228
5277
4355
5278
5279
4757
5793
5284
5285
5286
4726
5288
5256
3878
5267
4819
3890
4386
5335
5059
5213
5073
5074
3886
3879
3880
3881
3882
3884
3897
3898
3903
3887
3910
3911
4455
4001
3912
3913
4110
4111
4085
4086
4099
4048
4087
4112
4088
4089
4091
4043
4113
4266
4092
4093
4044
4094
4045
4095
4046
4047
4097
4267
4098
4049
4100
4101
4102
4103
4114
4050
4105
4115
4269
4051
3818
3915
3916
4004
3917
3918
4006
3919
3920
3921
4007
4717
4718
3965
3922
4008
4010
3923
3924
3925
3926
4011
3927
3928
3280
3929
3930
3931
3932
3933
3934
4012
3935
3936
3937
3938
3939
4013
3940
3941
3942
3943
3944
3945
5678
3949
761
3952
3953
3958
5007
3959
3960
3993
3857
3859
3860
3861
3862
3863
3864
3865
3866
3867
3868
3869
4033
4034
3871
3872
3873
3967
1554
3968
3969
3970
3987
3988
3989
3990
3991
3992
3977
3978
3979
3980
3981
3982
3983
3984
3985
3994
3995
5792
3996
3997
4042
4053
4054
4055
4058
4059
4060
4061
4062
4063
1977
4064
4065
4066
4067
4068
4069
4070
4071
4072
4073
4074
4075
4076
4077
4078
4079
4080
4081
4082
4083
1260
4106
4117
1778
4118
4119
4120
4121
4122
4123
4124
4125
4126
4127
4128
4129
4130
4131
4132
4133
4134
4135
4136
4137
4138
4139
4140
4141
4142
4270
4143
4144
4145
4146
4147
4148
4149
4150
4151
4152
4153
4154
4155
4156
4157
4186
4187
4188
4189
4190
4191
4192
4194
4195
4196
4197
4198
4199
4200
4201
4202
4203
4204
4205
4206
4207
5301
2351
4282
4283
4208
4209
4210
4211
4212
4213
4214
4215
4216
4217
4218
4219
4220
4221
4222
4223
4224
4225
4226
4227
4228
4229
4230
4231
4232
4233
4234
4235
4236
4237
4238
4239
4240
4241
4242
4243
4244
4245
4246
4247
4284
4248
4249
4285
4250
4251
4271
4415
4416
4272
4273
4274
4275
5156
4287
4288
4289
4290
4291
4295
4296
4297
4298
4299
4301
4303
4418
4445
4505
1994
4506
4507
2759
5150
4446
4447
4448
5780
4449
4450
4451
4452
3950
4312
4313
4314
4315
4316
4317
4318
4319
4320
4321
4322
4323
4324
4325
4326
4328
4331
4454
4456
4458
4459
4460
4461
4462
4463
4464
4465
4467
4468
4469
4470
4471
4333
4334
4335
4336
4337
4338
4339
4340
4341
4343
4344
4345
4347
4348
4353
4354
4356
4357
4358
4360
4361
4362
4363
2911
4368
4369
4370
4371
4372
4373
4374
4375
4376
4377
4378
4379
4380
4381
4382
4383
4384
4385
4387
4388
4389
4390
4391
4392
4393
4394
4395
4396
4397
4398
4399
4400
4401
4402
4403
4404
4408
4409
4410
4411
4412
4306
4305
4417
4413
4414
4424
4425
4426
4427
4428
4429
4430
4431
4432
4433
5409
4434
4435
4436
4437
4419
4420
4421
4422
4423
4440
4472
4473
4475
4476
4508
4509
4510
4477
4478
4479
4480
4481
4482
4483
4484
4485
4486
4487
4488
4489
4490
4491
4492
4494
4495
4496
4497
4498
4499
4500
4501
4502
4503
4514
4515
4516
4517
4518
4519
4788
4520
4521
4522
4536
4537
4538
4539
4540
4541
4542
4544
4545
4548
4553
4554
4555
4639
4640
4641
3664
4648
4649
4651
4674
4682
4683
4679
4689
4697
5003
4728
4719
4730
4729
4720
4721
5004
4709
4710
4722
4723
4724
4725
4727
4737
4739
4740
4741
4742
4743
4744
4745
4746
4747
4748
4752
4753
5025
4758
4761
4680
4762
4769
4777
4778
4268
4688
4780
4781
5092
5327
4782
4783
4784
4785
4786
5037
2158
5038
5039
5040
5041
5078
5079
5081
5082
5095
5096
5097
5098
5099
5100
5101
5102
5103
5105
5114
5115
5116
5117
5118
5141
5119
5120
5121
5122
5123
5124
5125
5126
5127
5128
1280
5129
5131
5132
5133
5134
5135
5142
5137
5138
5139
5140
5111
5112
5113
5143
5144
5145
2781
5151
5154
5331
2779
5323
5326
5386
5387
5389
5396
5397
5390
5296
5297
5298
5391
5299
5302
5305
5306
5392
5398
5307
5308
5399
5400
5309
5393
5401
5310
5311
5312
5313
5314
5315
5402
5316
5317
5394
5318
5319
5320
1783
5321
5403
5395
5322
5404
5405
5406
5407
5586
5587
5511
4890
5512
5513
5514
5515
5516
5517
5518
5601
5519
5520
5521
5522
5523
5524
5525
5526
5527
5528
5529
5530
5531
5532
5533
5534
5412
5535
5536
5537
5538
5477
5539
5540
5541
5588
5569
5570
5571
5572
5573
5574
5575
5576
5577
5578
4666
5591
5592
5593
5594
5595
5596
5765
5614
5868
5597
5598
5599
5617
5618
5624
5625
5626
5627
5628
5629
5630
5631
5641
5642
5673
5674
5675
5676
5677
5681
5748
5682
5683
5684
5685
5686
5687
5688
3477
5689
5690
3729
5691
5692
5693
5694
5695
5763
5696
5698
5859
5699
5700
1153
5702
5704
5705
5706
5707
5605
5708
5709
5712
5713
5714
5671
5716
5753
5754
5755
5756
5757
5758
5005
3951
5006
5008
5009
5010
3902
5011
5012
5013
5014
5015
5017
5018
5019
5020
5021
5022
5023
5024
5720
5721
5722
5723
5724
5725
5726
5727
5730
5731
5732
2815
5733
3891
2765
3905
5734
3885
5366
5735
5749
5750
5751
5752
5759
5796
5822
5798
5800
5803
3282
5808
5811
5812
5813
5814
5815
4764
5080
5823
5553
5824
5554
5825
5839
5842
5843
5844
5845
5846
5847
5848
5851
5852
5853
5854
5855
5856
2685
5857
5858
5703
5860
5861
5862
5869
5871
5710
5711
5895
5896
5900
933
3742
5916
5917
5918
5919
5920
5931
5940
5941
5942
5943
5944
5945
5930
5948
5949
34
2941
