mtrR
22
2
8
21
7
23
4
24
1
10
225
9
26
27
28
30
226
32
33
34
35
31
41
169
60
57
1903
11
382
289
383
384
385
386
55
228
6
149
229
387
388
253
2404
230
121
124
83
389
56
390
213
17
81
1944
331
1904
182
52
102
444
43
469
313
284
231
1113
95
3
82
5
1025
205
59
2405
227
391
1971
38
232
37
125
233
220
2339
1353
1905
13
42
18
45
79
87
80
72
816
240
15
1906
795
103
1880
130
211
131
64
153
132
583
68
107
133
134
135
108
109
241
136
137
138
243
244
139
110
140
141
142
143
144
112
145
146
147
246
113
148
248
249
250
252
254
150
255
256
115
151
152
257
154
155
69
156
157
54
53
258
58
61
40
39
101
84
158
97
100
86
159
105
12
19
20
16
160
259
111
114
260
44
261
116
161
117
162
262
163
164
263
165
264
166
167
118
265
266
168
47
267
29
63
65
66
272
70
67
268
170
171
269
270
271
172
173
174
175
176
222
177
223
178
179
180
181
183
224
184
185
186
366
187
367
188
368
189
190
191
369
370
192
193
194
371
198
199
200
201
202
203
204
206
207
208
209
210
212
988
214
215
216
989
217
302
218
49
51
36
278
285
286
287
288
219
784
221
785
786
787
308
311
317
320
324
326
400
2399
300
301
303
304
305
306
307
309
310
312
392
314
315
316
393
394
788
279
280
281
282
283
332
789
790
337
338
791
325
328
319
339
796
341
797
792
344
345
798
793
349
350
799
247
251
273
274
275
276
277
322
327
329
330
333
334
335
340
342
373
343
346
347
374
348
351
375
376
352
377
353
354
355
356
378
357
358
359
379
360
361
362
363
364
365
395
396
372
397
380
381
794
336
398
406
318
407
408
409
410
411
412
413
414
415
416
417
418
48
25
428
429
430
431
432
433
434
435
50
421
422
423
424
425
426
427
438
439
440
441
442
443
445
446
447
448
449
450
451
452
963
453
454
455
456
457
458
459
460
461
462
463
464
465
466
467
468
470
471
472
473
474
476
2182
1924
479
480
481
482
483
484
485
800
486
489
487
488
120
846
847
494
402
495
496
1395
497
498
499
501
502
503
729
506
507
508
509
510
511
512
514
515
516
517
518
504
2116
513
505
519
520
526
527
528
529
530
531
990
532
521
533
1146
538
539
541
542
543
544
545
546
547
548
549
550
551
801
552
627
562
563
564
565
566
567
568
569
570
571
572
574
576
577
991
578
579
580
581
500
582
323
584
554
555
557
629
585
46
692
707
708
806
807
1132
1919
2337
594
588
601
598
599
587
600
589
1920
595
586
591
597
603
596
715
716
717
593
646
614
604
590
718
628
719
720
615
722
617
618
725
726
608
611
727
612
613
610
728
730
732
92
735
602
736
738
740
742
743
744
745
746
747
992
739
749
750
751
754
755
757
758
759
741
771
772
625
773
774
776
782
783
620
621
616
619
607
624
721
626
622
623
723
724
609
606
767
766
748
765
768
770
769
822
761
760
780
779
777
778
781
764
763
954
762
993
896
89
1918
994
995
996
811
997
812
998
999
813
556
808
953
951
809
952
814
1000
1001
815
1002
1003
1004
1005
817
818
819
820
821
884
855
856
862
863
866
71
868
869
870
73
77
75
74
76
1008
1009
1010
824
823
825
828
872
832
1011
826
829
676
827
830
831
1012
834
835
2338
840
838
836
833
837
843
842
841
839
1014
844
845
873
874
875
876
877
1017
1018
1019
1020
1021
1022
1023
1024
2065
2094
878
1405
1027
879
880
881
882
883
1028
885
886
436
1029
887
888
1324
889
890
891
1030
892
893
1338
119
122
123
126
98
91
234
96
93
127
128
85
62
235
14
78
236
90
237
88
99
129
897
898
899
1031
900
901
902
903
904
905
906
1032
907
908
956
909
910
690
1033
911
912
1034
914
915
655
916
917
918
919
955
920
921
922
923
1035
924
925
926
927
1037
928
929
1038
930
957
931
932
933
1039
958
1040
959
934
935
936
937
938
939
940
1042
1043
1044
685
941
1046
1047
942
944
945
946
1049
858
1050
947
1051
1013
605
737
753
752
1052
1053
948
1054
1055
949
950
1056
1057
961
962
960
964
965
966
967
968
1059
1060
970
1061
1062
1063
1064
1066
1067
978
1069
1070
979
1071
1072
1073
1074
561
1075
1076
1077
2340
1923
592
913
981
1036
1041
1045
775
756
943
1048
1339
982
1082
2341
2854
984
985
1083
986
973
1084
1085
1086
1087
987
1432
2185
1089
1090
1091
2342
1092
1093
2343
1997
2348
2349
2355
2356
1922
1972
1925
1973
1927
1934
1112
2357
2358
2359
1928
2035
2360
2361
525
2362
2363
2364
2863
2365
2366
2367
2187
1114
1115
2368
540
1217
1218
1117
2371
1118
1119
1926
2372
2373
2313
1120
2374
1946
1947
1950
1951
1111
1954
1957
1958
1959
1960
1961
1962
1975
1977
1978
2375
1909
1984
1986
1990
1991
1993
1996
2376
2377
2378
1121
2380
1938
2369
2052
1116
1943
1941
1942
2381
2382
2383
1948
1122
2384
1123
1124
2385
2386
2387
1149
2388
1125
536
2389
2390
2392
1126
1127
2393
2394
2396
1937
1940
2397
1945
2398
852
2400
2401
1134
1135
1058
2402
2424
1136
2425
2426
2427
2428
2429
2430
1137
1131
1336
1933
1290
1291
1292
2431
2432
1293
1156
1294
1295
1296
2433
2434
1297
2435
1483
1298
1299
1278
1300
1179
1482
1301
2436
1302
1303
1554
2437
1550
1304
2070
1184
2102
2438
1305
1306
1307
1308
2218
2439
2440
2441
1936
2442
1949
2188
1340
1953
1956
1963
1965
1966
1967
1341
1342
2443
1974
1343
1976
1980
1151
2033
2444
2141
1462
1264
1265
1266
1267
1268
1269
1446
1270
1547
1271
2445
1272
1273
1274
2446
1275
2447
1276
1277
1279
1280
1281
1545
1191
1282
1283
2448
2449
2450
1284
2451
2452
1080
2453
1981
2454
2455
731
1285
1983
1985
2456
1286
2063
1988
1251
2457
321
1312
1313
2000
2001
2458
2093
2095
1314
2003
2117
2118
2461
2011
2024
2026
2046
2047
2041
2465
1322
2466
2048
2467
2049
1323
2468
1911
2469
1424
2473
2474
2475
2476
2053
2055
2056
1386
2217
2478
2479
537
534
2480
1325
1329
1556
1330
1331
1332
1333
1334
1932
2054
2481
2482
1583
1138
2483
1139
2484
2059
2060
2062
1140
2486
2487
1142
1215
2488
1371
1193
1372
1206
1194
1249
1232
1233
2495
2496
2497
2498
2080
2499
478
1148
2502
2503
2504
2505
1153
2506
2068
1916
2069
2184
1154
1481
1150
2507
2508
2509
2057
2071
1195
2510
1157
1155
2511
1158
2512
1159
2513
1163
1164
1160
1162
1161
1165
1167
1166
1169
2514
1168
1170
1171
1172
1173
1174
1196
1175
1177
2127
1176
1178
1183
1181
1197
1198
2170
1180
1182
1185
2515
1186
1100
2516
2517
1188
2518
1189
1187
1190
2519
1199
1200
1201
1202
1203
1204
1205
1207
1208
1209
2005
983
2073
1211
1212
1213
1214
1192
1015
1016
1216
2522
849
1234
2523
2524
2525
2105
2142
2109
2146
2101
2526
2527
1235
2528
2091
2092
2529
2530
894
2531
2096
493
1236
2192
2193
1237
1238
1239
2097
2532
2533
403
2534
2100
1147
2535
1240
2536
2537
2538
2539
1241
1242
1243
2540
1244
1245
2541
2542
2104
2107
2543
2016
2544
2545
2546
2547
2548
2549
1246
2550
2551
2552
2553
2554
2114
1219
1220
1221
1222
1223
1224
1225
1226
1227
1228
1229
1230
1231
2555
2556
2072
1627
2077
2144
2559
2560
2561
2562
2133
2563
2564
2135
1262
1559
2566
2567
2568
2569
2570
2122
2571
1263
1026
2572
2573
2574
2576
2577
2578
2115
2579
2580
2581
2582
2583
2121
1144
1347
2557
2584
2585
2586
2587
1348
2588
1068
1349
2589
2129
2590
2591
2592
2593
1350
2594
2595
1351
2596
2597
2598
2599
2600
2601
2602
2603
2604
2605
2606
2607
2608
2609
1373
2610
2611
2612
2613
2614
2615
2521
2616
2617
2618
2619
2620
2131
2621
1352
2622
2132
2134
2623
2624
2625
2626
2627
1354
2130
2138
2139
2140
2628
2136
2630
2631
2632
2149
2633
2634
2635
2151
2636
2637
2638
2639
1078
2640
1357
1366
2042
2641
2642
2643
2644
2645
2646
1358
2647
1320
2143
2648
1560
2145
2649
2147
2650
2153
2154
1384
2659
2660
2345
1253
1374
1375
1376
2664
2665
1367
2666
1379
2669
1648
1422
1378
1380
2672
2172
2673
2674
1382
2174
2675
2676
2175
1152
2678
2160
2679
1565
2177
2680
2161
1650
2150
2155
1385
1387
2159
1917
2681
1388
2682
2088
2683
1448
2684
1449
1457
1450
1451
1452
2685
2686
1453
1438
1439
1440
2687
1441
2688
1454
1455
1456
1546
2689
1461
1458
2690
2691
2692
2693
2694
1210
1392
2695
2696
2697
2698
2699
2703
2704
2705
1964
2706
2164
1425
2710
2711
2712
1426
2713
2714
2715
1442
1443
2716
2717
2336
2718
1444
1445
1447
2719
634
635
636
1549
2720
1463
1464
2721
1465
1466
2722
1467
1558
1468
2084
1469
1470
1471
2723
2724
1472
1473
1474
2725
1475
1476
1477
1478
1479
1480
864
2171
2726
1486
1133
1487
1488
1489
1490
1491
1492
1493
1494
1495
1496
1497
1498
1499
1500
1501
1502
1503
2727
1504
1505
1506
1507
1508
1509
1510
1511
1512
1513
1514
1515
1516
1517
1518
1519
1520
1521
1522
1523
1524
1400
1525
1526
1527
1528
1529
1530
1531
1532
1533
1534
1535
1536
1555
1537
1538
1539
1540
1541
1370
1542
1543
1544
2061
2729
1912
2732
2733
1566
2734
1584
1585
895
1586
2735
1423
2736
1915
2737
2738
2739
2740
2741
2742
2743
2744
2745
1563
1564
2746
2747
1568
1569
1921
2748
1326
2749
1574
1575
1576
1577
1578
1579
1580
1581
698
2750
1571
1572
1573
2752
2753
2754
2755
2756
2757
2758
2759
2760
2761
2762
2763
2764
2765
2767
2768
2772
2773
2774
2775
2786
2169
2787
2788
1662
2798
2800
2801
1672
2064
2802
2803
2805
1908
2806
2807
1673
2808
1883
2811
2797
2793
2812
2813
2814
1882
2816
1885
2819
1886
1887
1888
1889
1890
1891
1901
1892
2820
2821
1879
1893
1894
1895
1896
1897
1898
1899
1900
2822
2823
1902
2824
2189
2191
2195
2196
2216
2197
2221
2222
2220
2198
2199
2200
2201
2202
2230
2203
2204
2205
2206
2229
2207
2208
2209
2210
2211
2212
2213
2214
2215
2825
2301
1776
2302
2303
2304
2305
2306
2307
2308
2309
2310
2311
2312
2314
2315
2316
1840
2317
2233
2318
2319
2320
2321
2830
2831
2832
2833
2834
2835
2836
2412
2413
2414
2415
2416
2840
2837
2841
2845
2843
2769
2472
2856
2857
1337
