id
131095
131107
131111
131123
131129
131139
131166
131170
131187
131188
131190
131229
131243
131248
131257
131263
131275
131288
131291
131301
131310
131336
131365
140561
140562
140564
140565
140567
140569
140570
140572
140575
140605
140613
155424
155427
155433
155462
155474
155480
155498
155515
155518
155531
155540
155545
155546
155547
155549
155555
155559
155582
155599
155600
155602
155611
155619
155642
155653
155657
155658
155666
155671
155672
155673
155694
155697
155704
155712
155733
155769
155778
155781
155796
155797
155798
